temp,rainfall,humidity
653.00
582.00
556.00
643.00
552.00
747.00
750.00
825.00
357.00
600.00
532.00
419.00
711.00
568.00
460.00
594.00
611.00
554.00
477.00
673.00
388.00
536.00
789.00
767.00
675.00
877.00
552.00
527.00
723.00
596.00
566.00
634.00
730.00
652.00
672.00
740.00
372.00
592.00
268.00
619.00
426.00
626.00
275.00
708.00
662.00
728.00
390.00
531.00
450.00
550.00
517.00
784.00
445.00
539.00
775.00
397.00
367.00
900.00
553.00
538.00
604.00
408.00
745.00
596.00
466.00
903.00
732.00
687.00
438.00
446.00
594.00
844.00
545.00
639.00
655.00
596.00
533.00
708.00
396.00
843.00
427.00
768.00
925.00
603.00
647.00
463.00
484.00
629.00
574.00
391.00
630.00
609.00
562.00
567.00
425.00
527.00
670.00
692.00
666.00
807.00
604.00
718.00
592.00
503.00
456.00
597.00
804.00
544.00
632.00
771.00
515.00
611.00
401.00
621.00
554.00
544.00
639.00
738.00
691.00
737.00
382.00
240.00
484.00
864.00
436.00
449.00
488.00
583.00
469.00
772.00
459.00
672.00
345.00
474.00
675.00
725.00
485.00
683.00
708.00
401.00
367.00
427.00
798.00
588.00
425.00
538.00
474.00
851.00
607.00
655.00
604.00
431.00
713.00
635.00
556.00
726.00
677.00
398.00
845.00
572.00
596.00
712.00
699.00
585.00
319.00
668.00
640.00
738.00
816.00
519.00
759.00
329.00
600.00
800.00
495.00
835.00
671.00
713.00
461.00
464.00
726.00
277.00
446.00
655.00
715.00
468.00
625.00
585.00
620.00
626.00
766.00
536.00
640.00
442.00
747.00
554.00
606.00
423.00
661.00
450.00
770.00
739.00
527.00
505.00
536.00
740.00
546.00
463.00
560.00
752.00
682.00
590.00
619.00
536.00
584.00
479.00
548.00
435.00
694.00
891.00
354.00
560.00
695.00
910.00
606.00
587.00
442.00
862.00
469.00
668.00
673.00
435.00
616.00
755.00
335.00
891.00
561.00
470.00
524.00
361.00
612.00
653.00
751.00
655.00
839.00
782.00
677.00
451.00
795.00
709.00
703.00
683.00
471.00
453.00
630.00
529.00
559.00
433.00
528.00
592.00
718.00
709.00
461.00
749.00
539.00
876.00
581.00
386.00
379.00
656.00
849.00
772.00
383.00
415.00
441.00
726.00
300.00
522.00
560.00
704.00
389.00
488.00
764.00
657.00
891.00
625.00
521.00
622.00
730.00
666.00
665.00
434.00
749.00
513.00
677.00
554.00
701.00
708.00
800.00
822.00
273.00
830.00
629.00
594.00
547.00
346.00
791.00
462.00
304.00
769.00
411.00
360.00
332.00
628.00
580.00
576.00
517.00
594.00
460.00
491.00
708.00
763.00
659.00
701.00
398.00
815.00
509.00
751.00
359.00
537.00
496.00
727.00
900.00
486.00
574.00
544.00
617.00
391.00
728.00
420.00
377.00
630.00
511.00
783.00
692.00
379.00
450.00
599.00
586.00
633.00
699.00
872.00
416.00
330.00
606.00
535.00
802.00
713.00
533.00
752.00
465.00
673.00
732.00
665.00
820.00
912.00
776.00
464.00
714.00
636.00
471.00
552.00
328.00
721.00
889.00
457.00
591.00
725.00
722.00
971.00
274.00
403.00
544.00
379.00
751.00
773.00
379.00
689.00
684.00
722.00
774.00
761.00
429.00
626.00
651.00
480.00
727.00
473.00
672.00
787.00
771.00
405.00
584.00
696.00
795.00
276.00
461.00
481.00
797.00
635.00
560.00
873.00
438.00
490.00
722.00
878.00
734.00
301.00
450.00
680.00
819.00
552.00
519.00
654.00
621.00
625.00
475.00
691.00
675.00
774.00
606.00
475.00
425.00
596.00
607.00
555.00
549.00
478.00
788.00
585.00
680.00
696.00
818.00
486.00
797.00
540.00
623.00
615.00
663.00
846.00
386.00
569.00
612.00
731.00
431.00
421.00
702.00
584.00
553.00
869.00
799.00
567.00
628.00
646.00
484.00
449.00
461.00
645.00
833.00
752.00
551.00
493.00
602.00
860.00
673.00
531.00
550.00
770.00
681.00
638.00
656.00
722.00
549.00
612.00
651.00
810.00
510.00
688.00
644.00
582.00
935.00
556.00
611.00
650.00
549.00
753.00
576.00
810.00
452.00
472.00
770.00
685.00
613.00
541.00
615.00
666.00
396.00
787.00
570.00
684.00
625.00
728.00
536.00
916.00
351.00
399.00
553.00
583.00
728.00
533.00
594.00
391.00
815.00
385.00
635.00
361.00
654.00
475.00
503.00
397.00
429.00
540.00
553.00
603.00
645.00
735.00
589.00
533.00
753.00
432.00
637.00
478.00
615.00
489.00
626.00
811.00
506.00
708.00
366.00
437.00
402.00
634.00
455.00
841.00
657.00
544.00
532.00
638.00
608.00
632.00
561.00
612.00
539.00
629.00
499.00
814.00
378.00
705.00
297.00
595.00
679.00
664.00
406.00
960.00
488.00
630.00
758.00
337.00
317.00
446.00
700.00
427.00
675.00
668.00
473.00
642.00
654.00
579.00
579.00
878.00
254.00
675.00
633.00
344.00
668.00
654.00
804.00
718.00
426.00
317.00
579.00
620.00
695.00
435.00
758.00
336.00
617.00
714.00
679.00
765.00
621.00
381.00
692.00
508.00
650.00
563.00
575.00
562.00
367.00
406.00
281.00
401.00
757.00
604.00
402.00
879.00
561.00
511.00
493.00
349.00
678.00
689.00
663.00
777.00
408.00
676.00
858.00
590.00
400.00
615.00
493.00
528.00
866.00
563.00
804.00
579.00
631.00
621.00
554.00
662.00
561.00
601.00
742.00
856.00
580.00
318.00
579.00
699.00
513.00
672.00
620.00
558.00
579.00
622.00
361.00
515.00
640.00
641.00
794.00
553.00
435.00
446.00
614.00
547.00
524.00
566.00
754.00
254.00
728.00
688.00
724.00
604.00
436.00
296.00
571.00
427.00
565.00
792.00
725.00
495.00
666.00
833.00
541.00
632.00
814.00
685.00
542.00
642.00
641.00
419.00
598.00
425.00
708.00
678.00
407.00
690.00
459.00
889.00
474.00
595.00
353.00
851.00
396.00
519.00
465.00
505.00
704.00
565.00
637.00
373.00
432.00
680.00
520.00
634.00
802.00
670.00
677.00
530.00
493.00
792.00
728.00
697.00
595.00
743.00
371.00
565.00
724.00
793.00
518.00
442.00
482.00
492.00
711.00
567.00
510.00
706.00
510.00
543.00
409.00
665.00
482.00
584.00
825.00
493.00
559.00
604.00
898.00
351.00
680.00
749.00
568.00
776.00
668.00
456.00
398.00
438.00
636.00
524.00
336.00
428.00
424.00
412.00
785.00
522.00
569.00
698.00
645.00
771.00
440.00
397.00
745.00
650.00
483.00
498.00
488.00
449.00
599.00
383.00
699.00
541.00
401.00
719.00
553.00
406.00
702.00
542.00
431.00
660.00
483.00
504.00
538.00
573.00
720.00
420.00
777.00
380.00
751.00
493.00
785.00
858.00
692.00
528.00
380.00
474.00
819.00
406.00
587.00
636.00
557.00
500.00
564.00
544.00
467.00
628.00
646.00
773.00
539.00
427.00
585.00
831.00
581.00
634.00
660.00
577.00
514.00
608.00
474.00
838.00
593.00
302.00
555.00
895.00
641.00
815.00
560.00
457.00
404.00
655.00
403.00
418.00
838.00
791.00
855.00
676.00
742.00
370.00
517.00
849.00
661.00
722.00
912.00
754.00
683.00
308.00
715.00
672.00
601.00
415.00
592.00
454.00
474.00
933.00
682.00
587.00
620.00
611.00
834.00
805.00
404.00
578.00
600.00
708.00
928.00
617.00
619.00
702.00
544.00
811.00
650.00
583.00
763.00
833.00
273.00
384.00
570.00
435.00
766.00
623.00
753.00
457.00
553.00
563.00
808.00
683.00
397.00
784.00
501.00
478.00
609.00
572.00
748.00
564.00
667.00
493.00
809.00
594.00
693.00
419.00
817.00
763.00
392.00
714.00
391.00
251.00
431.00
449.00
389.00
372.00
788.00
634.00
785.00
437.00
481.00
864.00
359.00
772.00
540.00
573.00
659.00
513.00
512.00
705.00
674.00
384.00
582.00
683.00
795.00
429.00
557.00
760.00
512.00
707.00
589.00
438.00
485.00
539.00
575.00
594.00
493.00
435.00
923.00
523.00
796.00
542.00
534.00
570.00
786.00
538.00
440.00
665.00
515.00
360.00
565.00
544.00
669.00
665.00
717.00
607.00
715.00
485.00
723.00
483.00
549.00
396.00
481.00
447.00
502.00
310.00
751.00
524.00
750.00
783.00
601.00
488.00
639.00
618.00
800.00
917.00
758.00
718.00
672.00
674.00
732.00
529.00
801.00
664.00
793.00
645.00
703.00
642.00
863.00
429.00
522.00
632.00
728.00
406.00
798.00
757.00
630.00
563.00
512.00
549.00
580.00
681.00
674.00
586.00
760.00
466.00
756.00
622.00
442.00
808.00
778.00
465.00
567.00
568.00
701.00
372.00
811.00
789.00
486.00
619.00
808.00
679.00
513.00
583.00
715.00
618.00
633.00
803.00
758.00
526.00
449.00
517.00
693.00
390.00
721.00
838.00
723.00
657.00
770.00
738.00
593.00
640.00
672.00
468.00
724.00
796.00
539.00
649.00
591.00
539.00
577.00
574.00
493.00
419.00
615.00
499.00
578.00
341.00
390.00
721.00
478.00
520.00
771.00
899.00
929.00
485.00
616.00
436.00
770.00
496.00
489.00
797.00
558.00
612.00
582.00
875.00
633.00
622.00
495.00
438.00
418.00
677.00
811.00
604.00
432.00
621.00
566.00
441.00
479.00
422.00
898.00
725.00
647.00
435.00
824.00
785.00
375.00
551.00
565.00
505.00
520.00
677.00
903.00
782.00
676.00
537.00
274.00
493.00
872.00
796.00
609.00
607.00
479.00
482.00
663.00
745.00
604.00
527.00
654.00
774.00
405.00
870.00
797.00
651.00
517.00
536.00
583.00
454.00
517.00
546.00
473.00
914.00
554.00
580.00
636.00
413.00
449.00
529.00
736.00
745.00
353.00
779.00
512.00
913.00
648.00
470.00
871.00
606.00
622.00
596.00
655.00
655.00
758.00
563.00
592.00
496.00
681.00
369.00
784.00
860.00
312.00
827.00
558.00
656.00
394.00
709.00
659.00
462.00
767.00
698.00
589.00
509.00
669.00
753.00
370.00
699.00
756.00
451.00
588.00
695.00
805.00
373.00
480.00
525.00
706.00
651.00
725.00
587.00
723.00
487.00
530.00
384.00
331.00
799.00
745.00
458.00
298.00
816.00
760.00
590.00
766.00
561.00
573.00
475.00
778.00
597.00
531.00
311.00
468.00
735.00
666.00
851.00
858.00
745.00
660.00
597.00
740.00
717.00
675.00
591.00
530.00
507.00
721.00
815.00
405.00
637.00
720.00
521.00
738.00
766.00
467.00
673.00
336.00
480.00
729.00
332.00
319.00
663.00
567.00
576.00
597.00
636.00
928.00
512.00
520.00
590.00
680.00
670.00
423.00
643.00
743.00
868.00
591.00
446.00
502.00
785.00
716.00
650.00
652.00
732.00
394.00
737.00
440.00
678.00
519.00
552.00
775.00
628.00
808.00
700.00
859.00
905.00
622.00
736.00
802.00
601.00
777.00
784.00
547.00
790.00
825.00
485.00
604.00
546.00
806.00
673.00
478.00
676.00
599.00
650.00
466.00
612.00
746.00
716.00
427.00
535.00
557.00
590.00
574.00
691.00
567.00
425.00
599.00
762.00
760.00
655.00
561.00
566.00
598.00
697.00
555.00
514.00
509.00
287.00
804.00
831.00
679.00
693.00
639.00
519.00
790.00
727.00
555.00
569.00
765.00
661.00
562.00
614.00
618.00
860.00
706.00
508.00
731.00
533.00
724.00
714.00
889.00
561.00
673.00
607.00
441.00
719.00
589.00
718.00
673.00
543.00
565.00
589.00
602.00
463.00
385.00
561.00
710.00
624.00
828.00
491.00
667.00
772.00
420.00
552.00
497.00
551.00
529.00
484.00
840.00
468.00
743.00
830.00
621.00
618.00
677.00
782.00
653.00
275.00
425.00
450.00
786.00
632.00
521.00
702.00
664.00
546.00
516.00
493.00
618.00
645.00
786.00
625.00
559.00
699.00
651.00
549.00
681.00
656.00
577.00
397.00
652.00
572.00
801.00
736.00
331.00
335.00
434.00
648.00
679.00
376.00
825.00
614.00
485.00
751.00
411.00
770.00
677.00
640.00
396.00
799.00
714.00
485.00
573.00
612.00
472.00
402.00
441.00
790.00
773.00
409.00
627.00
605.00
881.00
713.00
742.00
344.00
637.00
776.00
609.00
809.00
424.00
469.00
818.00
707.00
707.00
584.00
806.00
930.00
450.00
725.00
572.00
656.00
456.00
524.00
469.00
581.00
700.00
619.00
588.00
514.00
629.00
572.00
232.00
297.00
341.00
726.00
376.00
662.00
741.00
775.00
444.00
590.00
870.00
727.00
577.00
790.00
513.00
615.00
421.00
440.00
481.00
492.00
604.00
730.00
446.00
635.00
439.00
591.00
429.00
859.00
379.00
713.00
537.00
632.00
607.00
536.00
468.00
886.00
464.00
558.00
623.00
626.00
668.00
589.00
508.00
738.00
453.00
633.00
398.00
450.00
456.00
444.00
525.00
377.00
352.00
349.00
574.00
607.00
675.00
530.00
579.00
407.00
674.00
790.00
816.00
548.00
398.00
407.00
548.00
546.00
348.00
467.00
397.00
468.00
859.00
653.00
403.00
788.00
707.00
711.00
728.00
747.00
562.00
545.00
617.00
464.00
379.00
552.00
593.00
447.00
696.00
605.00
581.00
672.00
493.00
406.00
535.00
483.00
652.00
832.00
866.00
790.00
542.00
538.00
616.00
604.00
628.00
591.00
392.00
747.00
542.00
779.00
751.00
448.00
495.00
475.00
633.00
461.00
495.00
429.00
737.00
706.00
530.00
765.00
688.00
767.00
326.00
469.00
356.00
344.00
641.00
454.00
601.00
750.00
491.00
619.00
721.00
700.00
739.00
563.00
700.00
707.00
746.00
742.00
662.00
620.00
529.00
746.00
388.00
534.00
507.00
435.00
621.00
792.00
557.00
418.00
587.00
552.00
388.00
883.00
568.00
661.00
731.00
878.00
726.00
674.00
654.00
846.00
330.00
463.00
712.00
570.00
522.00
654.00
701.00
740.00
694.00
615.00
529.00
746.00
470.00
562.00
375.00
938.00
795.00
546.00
811.00
607.00
605.00
709.00
538.00
635.00
605.00
669.00
901.00
511.00
264.00
570.00
413.00
538.00
360.00
782.00
480.00
414.00
539.00
627.00
733.00
678.00
616.00
458.00
679.00
804.00
453.00
508.00
599.00
351.00
445.00
397.00
642.00
361.00
653.00
673.00
748.00
410.00
696.00
624.00
956.00
614.00
735.00
742.00
424.00
603.00
587.00
584.00
600.00
762.00
691.00
682.00
707.00
370.00
493.00
650.00
604.00
576.00
720.00
640.00
908.00
659.00
570.00
832.00
675.00
693.00
589.00
800.00
393.00
785.00
475.00
649.00
557.00
502.00
860.00
479.00
391.00
749.00
464.00
641.00
682.00
915.00
513.00
635.00
429.00
711.00
619.00
541.00
518.00
532.00
564.00
871.00
475.00
544.00
760.00
681.00
644.00
466.00
730.00
836.00
428.00
618.00
651.00
422.00
684.00
586.00
479.00
423.00
567.00
524.00
480.00
710.00
500.00
708.00
314.00
719.00
457.00
945.00
731.00
606.00
438.00
793.00
633.00
619.00
567.00
784.00
663.00
500.00
671.00
506.00
346.00
720.00
425.00
659.00
853.00
484.00
297.00
598.00
742.00
820.00
437.00
692.00
793.00
529.00
378.00
584.00
817.00
428.00
568.00
683.00
739.00
804.00
535.00
569.00
305.00
653.00
722.00
544.00
614.00
836.00
669.00
377.00
317.00
742.00
544.00
631.00
476.00
626.00
390.00
639.00
455.00
556.00
586.00
781.00
496.00
464.00
383.00
526.00
600.00
789.00
530.00
706.00
454.00
924.00
650.00
789.00
314.00
406.00
603.00
426.00
614.00
873.00
337.00
757.00
435.00
494.00
668.00
790.00
323.00
696.00
689.00
725.00
712.00
503.00
481.00
737.00
342.00
417.00
522.00
909.00
603.00
367.00
589.00
594.00
650.00
726.00
579.00
714.00
755.00
777.00
487.00
600.00
580.00
529.00
491.00
457.00
333.00
398.00
709.00
674.00
757.00
808.00
453.00
612.00
531.00
467.00
864.00
405.00
531.00
649.00
787.00
817.00
631.00
504.00
741.00
721.00
676.00
751.00
796.00
589.00
676.00
407.00
754.00
548.00
674.00
809.00
791.00
667.00
883.00
605.00
581.00
817.00
343.00
395.00
298.00
628.00
841.00
343.00
788.00
599.00
493.00
696.00
523.00
579.00
700.00
570.00
611.00
331.00
548.00
310.00
615.00
845.00
536.00
718.00
526.00
494.00
664.00
609.00
683.00
507.00
659.00
590.00
666.00
719.00
659.00
612.00
349.00
542.00
751.00
828.00
546.00
677.00
469.00
531.00
604.00
612.00
802.00
591.00
752.00
610.00
493.00
299.00
593.00
315.00
391.00
842.00
313.00
690.00
804.00
369.00
477.00
772.00
506.00
683.00
400.00
647.00
582.00
687.00
482.00
734.00
444.00
671.00
628.00
680.00
741.00
624.00
431.00
794.00
423.00
714.00
506.00
668.00
363.00
315.00
799.00
434.00
733.00
848.00
238.00
685.00
528.00
624.00
562.00
496.00
649.00
525.00
739.00
637.00
587.00
731.00
774.00
683.00
570.00
618.00
515.00
697.00
504.00
677.00
417.00
620.00
668.00
456.00
470.00
598.00
913.00
267.00
408.00
576.00
717.00
776.00
628.00
875.00
440.00
567.00
632.00
477.00
738.00
532.00
691.00
498.00
414.00
574.00
601.00
434.00
741.00
766.00
528.00
695.00
425.00
738.00
684.00
688.00
576.00
626.00
458.00
494.00
333.00
311.00
437.00
369.00
785.00
482.00
529.00
346.00
336.00
382.00
634.00
363.00
598.00
502.00
452.00
689.00
660.00
695.00
657.00
416.00
599.00
561.00
660.00
380.00
700.00
744.00
576.00
427.00
457.00
689.00
695.00
626.00
591.00
874.00
720.00
778.00
712.00
803.00
565.00
714.00
411.00
430.00
752.00
619.00
828.00
512.00
647.00
441.00
563.00
613.00
457.00
764.00
549.00
914.00
454.00
737.00
789.00
798.00
516.00
458.00
833.00
664.00
651.00
528.00
555.00
733.00
499.00
518.00
713.00
558.00
459.00
651.00
660.00
592.00
556.00
483.00
853.00
670.00
451.00
823.00
547.00
390.00
724.00
857.00
692.00
473.00
495.00
652.00
754.00
597.00
551.00
795.00
556.00
648.00
732.00
757.00
477.00
870.00
517.00
620.00
473.00
710.00
640.00
832.00
590.00
521.00
646.00
561.00
390.00
543.00
649.00
671.00
542.00
339.00
372.00
568.00
709.00
611.00
568.00
773.00
681.00
439.00
473.00
472.00
404.00
684.00
753.00
787.00
314.00
651.00
476.00
741.00
577.00
540.00
457.00
642.00
623.00
753.00
671.00
623.00
522.00
578.00
772.00
693.00
406.00
817.00
719.00
618.00
608.00
628.00
623.00
767.00
469.00
333.00
421.00
653.00
532.00
864.00
569.00
706.00
580.00
465.00
807.00
654.00
457.00
582.00
554.00
750.00
570.00
842.00
739.00
717.00
677.00
826.00
728.00
729.00
462.00
571.00
626.00
555.00
467.00
742.00
531.00
665.00
437.00
386.00
636.00
693.00
512.00
690.00
534.00
719.00
309.00
619.00
765.00
565.00
623.00
433.00
705.00
795.00
347.00
355.00
480.00
864.00
507.00
795.00
467.00
412.00
808.00
603.00
697.00
503.00
414.00
505.00
463.00
428.00
467.00
712.00
543.00
707.00
746.00
304.00
644.00
713.00
617.00
736.00
754.00
390.00
512.00
806.00
489.00
871.00
429.00
700.00
707.00
700.00
512.00
556.00
715.00
332.00
627.00
550.00
738.00
754.00
443.00
269.00
725.00
692.00
852.00
656.00
621.00
564.00
635.00
599.00
674.00
599.00
308.00
698.00
837.00
547.00
746.00
555.00
613.00
455.00
711.00
668.00
592.00
457.00
841.00
613.00
475.00
742.00
845.00
453.00
469.00
741.00
387.00
705.00
715.00
739.00
405.00
621.00
500.00
677.00
408.00
783.00
364.00
598.00
784.00
592.00
721.00
617.00
653.00
539.00
459.00
622.00
542.00
808.00
388.00
755.00
670.00
639.00
659.00
722.00
621.00
481.00
604.00
661.00
677.00
638.00
591.00
507.00
514.00
561.00
332.00
701.00
511.00
655.00
365.00
777.00
610.00
728.00
673.00
530.00
417.00
692.00
574.00
660.00
793.00
462.00
679.00
522.00
787.00
609.00
355.00
623.00
474.00
710.00
611.00
787.00
686.00
644.00
770.00
612.00
540.00
677.00
776.00
420.00
346.00
577.00
479.00
698.00
415.00
629.00
439.00
605.00
830.00
461.00
429.00
582.00
841.00
582.00
634.00
515.00
808.00
727.00
544.00
839.00
384.00
427.00
558.00
648.00
776.00
695.00
589.00
457.00
651.00
733.00
287.00
574.00
631.00
938.00
804.00
427.00
485.00
639.00
538.00
832.00
395.00
634.00
582.00
772.00
473.00
758.00
494.00
640.00
709.00
698.00
318.00
377.00
838.00
681.00
655.00
709.00
712.00
587.00
568.00
797.00
737.00
794.00
725.00
561.00
621.00
505.00
608.00
561.00
487.00
458.00
430.00
546.00
622.00
610.00
652.00
449.00
920.00
351.00
595.00
716.00
455.00
419.00
497.00
465.00
465.00
378.00
570.00
352.00
470.00
552.00
718.00
573.00
532.00
474.00
613.00
748.00
528.00
401.00
643.00
504.00
525.00
564.00
562.00
791.00
601.00
674.00
526.00
834.00
773.00
614.00
744.00
528.00
486.00
317.00
613.00
470.00
595.00
862.00
509.00
479.00
490.00
651.00
792.00
751.00
526.00
337.00
817.00
460.00
753.00
604.00
599.00
644.00
504.00
619.00
650.00
552.00
742.00
389.00
519.00
614.00
610.00
290.00
369.00
705.00
854.00
448.00
689.00
696.00
718.00
641.00
665.00
472.00
622.00
474.00
513.00
640.00
468.00
801.00
578.00
666.00
664.00
480.00
681.00
454.00
638.00
449.00
387.00
393.00
838.00
542.00
643.00
446.00
552.00
525.00
310.00
655.00
649.00
646.00
578.00
596.00
260.00
597.00
600.00
408.00
550.00
357.00
440.00
396.00
356.00
568.00
712.00
707.00
645.00
464.00
526.00
802.00
554.00
336.00
491.00
561.00
421.00
690.00
640.00
613.00
617.00
602.00
664.00
681.00
594.00
306.00
306.00
587.00
563.00
527.00
594.00
450.00
600.00
584.00
490.00
794.00
399.00
595.00
616.00
581.00
435.00
509.00
658.00
506.00
358.00
528.00
504.00
724.00
692.00
464.00
441.00
430.00
708.00
527.00
785.00
733.00
687.00
505.00
326.00
742.00
678.00
588.00
607.00
468.00
533.00
646.00
379.00
449.00
477.00
570.00
617.00
650.00
504.00
533.00
571.00
546.00
826.00
428.00
630.00
267.00
299.00
556.00
455.00
427.00
586.00
375.00
519.00
449.00
309.00
744.00
400.00
509.00
827.00
636.00
940.00
703.00
574.00
628.00
638.00
617.00
531.00
649.00
398.00
500.00
629.00
400.00
339.00
938.00
447.00
590.00
631.00
909.00
520.00
528.00
871.00
514.00
657.00
519.00
787.00
560.00
533.00
618.00
452.00
814.00
624.00
759.00
712.00
420.00
618.00
343.00
571.00
671.00
374.00
636.00
829.00
588.00
576.00
286.00
391.00
685.00
563.00
803.00
658.00
383.00
585.00
443.00
490.00
351.00
824.00
553.00
515.00
476.00
641.00
620.00
660.00
668.00
571.00
675.00
399.00
580.00
680.00
727.00
279.00
824.00
713.00
358.00
454.00
329.00
716.00
312.00
397.00
743.00
475.00
727.00
481.00
563.00
332.00
541.00
666.00
560.00
618.00
365.00
518.00
674.00
816.00
679.00
668.00
411.00
499.00
634.00
679.00
414.00
612.00
804.00
848.00
638.00
666.00
500.00
755.00
785.00
632.00
613.00
420.00
485.00
551.00
663.00
510.00
860.00
738.00
481.00
623.00
804.00
640.00
599.00
528.00
627.00
629.00
498.00
612.00
835.00
469.00
335.00
595.00
573.00
566.00
408.00
409.00
733.00
619.00
722.00
551.00
401.00
546.00
607.00
652.00
707.00
608.00
361.00
722.00
673.00
417.00
820.00
787.00
462.00
690.00
369.00
609.00
799.00
380.00
827.00
376.00
523.00
668.00
681.00
419.00
413.00
520.00
637.00
579.00
595.00
414.00
681.00
580.00
593.00
637.00
714.00
635.00
473.00
861.00
526.00
300.00
331.00
439.00
578.00
533.00
503.00
796.00
705.00
701.00
664.00
674.00
512.00
696.00
610.00
652.00
743.00
527.00
462.00
582.00
508.00
747.00
764.00
513.00
289.00
704.00
507.00
583.00
497.00
490.00
414.00
491.00
421.00
586.00
536.00
524.00
835.00
736.00
523.00
571.00
422.00
615.00
406.00
448.00
590.00
755.00
686.00
517.00
761.00
679.00
436.00
638.00
518.00
609.00
841.00
516.00
715.00
600.00
599.00
792.00
713.00
432.00
538.00
881.00
480.00
384.00
685.00
704.00
617.00
516.00
305.00
384.00
650.00
638.00
551.00
831.00
566.00
800.00
574.00
695.00
481.00
396.00
570.00
505.00
638.00
383.00
451.00
681.00
812.00
717.00
777.00
456.00
733.00
818.00
770.00
323.00
550.00
361.00
555.00
408.00
616.00
472.00
784.00
432.00
922.00
424.00
731.00
377.00
773.00
530.00
478.00
540.00
607.00
553.00
630.00
544.00
475.00
818.00
546.00
441.00
463.00
626.00
762.00
499.00
732.00
834.00
647.00
608.00
321.00
386.00
645.00
678.00
578.00
501.00
348.00
492.00
674.00
616.00
653.00
702.00
502.00
594.00
732.00
442.00
487.00
701.00
835.00
682.00
835.00
294.00
500.00
473.00
622.00
569.00
675.00
775.00
500.00
744.00
736.00
421.00
809.00
508.00
840.00
693.00
595.00
512.00
364.00
531.00
816.00
760.00
803.00
933.00
576.00
540.00
509.00
661.00
472.00
701.00
478.00
522.00
746.00
515.00
808.00
539.00
477.00
730.00
405.00
818.00
535.00
463.00
650.00
669.00
339.00
536.00
432.00
751.00
536.00
559.00
607.00
432.00
692.00
504.00
490.00
535.00
537.00
382.00
452.00
509.00
414.00
603.00
369.00
433.00
612.00
526.00
380.00
391.00
506.00
584.00
623.00
526.00
525.00
363.00
522.00
554.00
704.00
559.00
845.00
397.00
737.00
744.00
661.00
587.00
476.00
611.00
788.00
820.00
610.00
640.00
340.00
683.00
549.00
313.00
763.00
670.00
667.00
476.00
659.00
847.00
425.00
413.00
339.00
602.00
565.00
457.00
806.00
664.00
472.00
894.00
534.00
500.00
544.00
639.00
554.00
661.00
588.00
488.00
585.00
611.00
573.00
424.00
479.00
542.00
719.00
551.00
712.00
722.00
402.00
457.00
650.00
525.00
679.00
706.00
436.00
424.00
513.00
360.00
696.00
771.00
387.00
728.00
806.00
377.00
780.00
651.00
610.00
395.00
842.00
379.00
484.00
740.00
771.00
622.00
643.00
409.00
636.00
593.00
557.00
758.00
801.00
516.00
622.00
538.00
403.00
927.00
874.00
577.00
490.00
683.00
407.00
442.00
378.00
548.00
499.00
436.00
537.00
550.00
690.00
477.00
627.00
740.00
742.00
682.00
770.00
416.00
850.00
329.00
613.00
442.00
681.00
795.00
470.00
663.00
676.00
670.00
655.00
656.00
622.00
480.00
694.00
415.00
603.00
805.00
680.00
825.00
833.00
416.00
631.00
691.00
510.00
531.00
443.00
670.00
706.00
534.00
525.00
734.00
724.00
397.00
464.00
597.00
860.00
536.00
615.00
704.00
807.00
614.00
499.00
570.00
431.00
510.00
555.00
513.00
627.00
552.00
483.00
395.00
316.00
507.00
765.00
631.00
651.00
608.00
611.00
330.00
666.00
420.00
422.00
656.00
494.00
405.00
765.00
632.00
209.00
381.00
760.00
708.00
662.00
693.00
548.00
836.00
617.00
516.00
635.00
441.00
589.00
539.00
789.00
638.00
457.00
301.00
339.00
220.00
472.00
787.00
872.00
668.00
433.00
735.00
473.00
643.00
643.00
726.00
793.00
479.00
692.00
552.00
620.00
631.00
390.00
346.00
686.00
703.00
771.00
535.00
569.00
733.00
835.00
846.00
290.00
470.00
563.00
680.00
508.00
346.00
584.00
762.00
555.00
633.00
419.00
690.00
391.00
831.00
387.00
780.00
566.00
509.00
446.00
387.00
538.00
572.00
570.00
616.00
480.00
767.00
671.00
637.00
707.00
499.00
609.00
349.00
597.00
526.00
470.00
474.00
311.00
488.00
511.00
614.00
294.00
682.00
297.00
656.00
842.00
542.00
886.00
486.00
390.00
672.00
597.00
879.00
428.00
476.00
820.00
738.00
519.00
735.00
531.00
343.00
706.00
569.00
479.00
456.00
691.00
691.00
775.00
524.00
590.00
720.00
455.00
382.00
405.00
607.00
856.00
567.00
365.00
449.00
601.00
629.00
659.00
713.00
801.00
613.00
460.00
421.00
465.00
775.00
661.00
659.00
776.00
502.00
448.00
698.00
515.00
668.00
710.00
581.00
510.00
567.00
481.00
432.00
680.00
466.00
729.00
610.00
462.00
717.00
546.00
547.00
540.00
743.00
394.00
750.00
563.00
669.00
345.00
406.00
347.00
609.00
650.00
682.00
623.00
741.00
766.00
459.00
395.00
420.00
620.00
307.00
356.00
598.00
472.00
639.00
456.00
438.00
553.00
546.00
751.00
662.00
604.00
704.00
755.00
600.00
644.00
648.00
614.00
739.00
706.00
390.00
660.00
297.00
398.00
415.00
366.00
684.00
643.00
673.00
732.00
483.00
410.00
570.00
561.00
716.00
654.00
458.00
648.00
392.00
588.00
624.00
681.00
656.00
596.00
376.00
430.00
695.00
342.00
602.00
514.00
783.00
579.00
576.00
487.00
628.00
737.00
508.00
969.00
598.00
517.00
512.00
634.00
750.00
495.00
692.00
722.00
740.00
518.00
494.00
715.00
792.00
598.00
631.00
932.00
559.00
779.00
670.00
435.00
643.00
842.00
575.00
839.00
323.00
826.00
439.00
721.00
788.00
460.00
718.00
652.00
653.00
799.00
565.00
774.00
437.00
739.00
455.00
372.00
775.00
533.00
360.00
509.00
473.00
754.00
332.00
678.00
450.00
710.00
809.00
566.00
880.00
631.00
814.00
837.00
605.00
340.00
629.00
583.00
771.00
671.00
562.00
804.00
312.00
987.00
528.00
811.00
753.00
561.00
622.00
729.00
792.00
535.00
666.00
519.00
643.00
420.00
518.00
566.00
667.00
637.00
512.00
405.00
908.00
669.00
683.00
723.00
666.00
576.00
644.00
589.00
927.00
376.00
764.00
660.00
383.00
781.00
721.00
561.00
610.00
503.00
457.00
458.00
710.00
440.00
360.00
332.00
558.00
530.00
653.00
746.00
406.00
563.00
593.00
508.00
639.00
490.00
741.00
425.00
669.00
801.00
598.00
503.00
945.00
517.00
566.00
515.00
498.00
428.00
447.00
756.00
589.00
682.00
723.00
591.00
881.00
820.00
464.00
718.00
376.00
330.00
504.00
722.00
748.00
700.00
423.00
772.00
615.00
721.00
644.00
778.00
403.00
456.00
727.00
632.00
337.00
573.00
315.00
631.00
479.00
736.00
288.00
623.00
520.00
402.00
631.00
666.00
532.00
739.00
385.00
866.00
643.00
609.00
437.00
491.00
604.00
633.00
263.00
333.00
753.00
438.00
692.00
585.00
627.00
564.00
862.00
399.00
414.00
618.00
431.00
482.00
792.00
707.00
555.00
794.00
683.00
803.00
656.00
511.00
480.00
447.00
507.00
451.00
356.00
641.00
872.00
576.00
470.00
857.00
706.00
707.00
718.00
606.00
422.00
523.00
622.00
630.00
345.00
810.00
406.00
702.00
621.00
733.00
760.00
559.00
828.00
781.00
644.00
614.00
523.00
592.00
714.00
492.00
728.00
508.00
606.00
496.00
437.00
573.00
668.00
630.00
447.00
531.00
494.00
716.00
711.00
789.00
620.00
635.00
669.00
589.00
656.00
349.00
561.00
701.00
371.00
473.00
444.00
435.00
498.00
672.00
730.00
668.00
578.00
480.00
410.00
871.00
569.00
557.00
671.00
404.00
683.00
496.00
527.00
845.00
823.00
705.00
655.00
602.00
504.00
437.00
672.00
446.00
492.00
593.00
546.00
556.00
630.00
698.00
557.00
447.00
631.00
340.00
692.00
739.00
589.00
559.00
807.00
577.00
623.00
909.00
729.00
819.00
433.00
491.00
417.00
564.00
707.00
339.00
938.00
535.00
483.00
603.00
712.00
695.00
489.00
836.00
855.00
616.00
779.00
422.00
637.00
749.00
672.00
676.00
451.00
482.00
470.00
685.00
399.00
598.00
675.00
525.00
709.00
531.00
626.00
649.00
680.00
582.00
585.00
448.00
326.00
669.00
582.00
339.00
877.00
727.00
419.00
471.00
388.00
672.00
882.00
646.00
434.00
677.00
789.00
669.00
554.00
624.00
557.00
695.00
519.00
726.00
447.00
636.00
495.00
401.00
565.00
736.00
711.00
525.00
460.00
901.00
378.00
798.00
395.00
545.00
806.00
643.00
827.00
697.00
466.00
799.00
548.00
525.00
748.00
701.00
605.00
656.00
893.00
749.00
508.00
340.00
759.00
564.00
453.00
832.00
461.00
569.00
813.00
665.00
770.00
714.00
576.00
832.00
674.00
584.00
510.00
398.00
413.00
690.00
774.00
709.00
388.00
569.00
837.00
508.00
631.00
388.00
788.00
618.00
787.00
839.00
592.00
378.00
479.00
772.00
525.00
784.00
879.00
387.00
394.00
511.00
304.00
468.00
571.00
492.00
560.00
714.00
658.00
485.00
515.00
629.00
686.00
595.00
668.00
488.00
471.00
674.00
805.00
505.00
646.00
587.00
399.00
499.00
426.00
686.00
608.00
734.00
775.00
470.00
821.00
637.00
636.00
753.00
823.00
732.00
632.00
891.00
645.00
681.00
781.00
768.00
495.00
469.00
582.00
670.00
606.00
480.00
750.00
571.00
265.00
599.00
620.00
584.00
686.00
827.00
657.00
567.00
497.00
600.00
924.00
726.00
717.00
452.00
585.00
730.00
824.00
536.00
829.00
599.00
637.00
707.00
610.00
621.00
559.00
317.00
507.00
646.00
537.00
660.00
363.00
589.00
758.00
785.00
849.00
456.00
682.00
583.00
592.00
524.00
508.00
551.00
572.00
431.00
470.00
521.00
708.00
456.00
422.00
578.00
454.00
645.00
658.00
591.00
513.00
487.00
813.00
471.00
793.00
508.00
381.00
778.00
548.00
550.00
526.00
422.00
794.00
556.00
444.00
516.00
549.00
420.00
621.00
707.00
573.00
307.00
596.00
847.00
697.00
388.00
360.00
742.00
596.00
611.00
577.00
741.00
524.00
765.00
413.00
518.00
330.00
542.00
348.00
729.00
668.00
489.00
459.00
437.00
780.00
612.00
376.00
580.00
591.00
833.00
697.00
641.00
763.00
708.00
368.00
657.00
615.00
612.00
706.00
718.00
580.00
674.00
486.00
527.00
497.00
729.00
533.00
833.00
744.00
488.00
516.00
436.00
475.00
530.00
875.00
747.00
698.00
269.00
568.00
480.00
605.00
509.00
632.00
754.00
517.00
791.00
693.00
618.00
561.00
382.00
443.00
574.00
747.00
482.00
449.00
693.00
620.00
643.00
478.00
615.00
496.00
879.00
627.00
757.00
621.00
481.00
524.00
489.00
534.00
371.00
952.00
590.00
679.00
526.00
693.00
442.00
878.00
458.00
477.00
627.00
712.00
728.00
703.00
459.00
412.00
539.00
657.00
857.00
665.00
612.00
417.00
728.00
517.00
626.00
687.00
744.00
655.00
482.00
745.00
506.00
479.00
520.00
668.00
371.00
549.00
706.00
502.00
387.00
445.00
621.00
636.00
820.00
761.00
606.00
287.00
821.00
426.00
732.00
580.00
560.00
628.00
560.00
896.00
559.00
611.00
879.00
368.00
565.00
449.00
634.00
566.00
655.00
501.00
790.00
762.00
717.00
355.00
640.00
713.00
341.00
637.00
509.00
624.00
841.00
655.00
624.00
474.00
899.00
367.00
604.00
698.00
594.00
797.00
486.00
566.00
453.00
504.00
365.00
588.00
608.00
524.00
634.00
379.00
741.00
545.00
854.00
436.00
652.00
512.00
521.00
480.00
707.00
523.00
801.00
892.00
448.00
714.00
636.00
603.00
443.00
509.00
545.00
383.00
663.00
410.00
736.00
629.00
620.00
504.00
405.00
443.00
540.00
474.00
607.00
605.00
741.00
853.00
659.00
541.00
537.00
846.00
663.00
643.00
614.00
447.00
689.00
611.00
452.00
870.00
701.00
716.00
501.00
782.00
704.00
504.00
551.00
455.00
721.00
694.00
703.00
625.00
887.00
645.00
770.00
240.00
610.00
673.00
707.00
576.00
604.00
234.00
455.00
675.00
824.00
754.00
756.00
657.00
622.00
781.00
852.00
294.00
780.00
484.00
627.00
692.00
482.00
605.00
397.00
603.00
772.00
607.00
782.00
755.00
613.00
611.00
477.00
615.00
519.00
446.00
446.00
558.00
787.00
605.00
523.00
751.00
351.00
655.00
631.00
567.00
583.00
710.00
528.00
304.00
489.00
702.00
676.00
502.00
760.00
556.00
747.00
516.00
663.00
695.00
337.00
506.00
448.00
244.00
526.00
524.00
554.00
744.00
574.00
313.00
794.00
533.00
531.00
564.00
579.00
737.00
806.00
613.00
569.00
754.00
582.00
557.00
549.00
371.00
390.00
756.00
342.00
579.00
503.00
656.00
554.00
254.00
543.00
687.00
425.00
427.00
415.00
648.00
426.00
501.00
504.00
386.00
888.00
581.00
587.00
659.00
612.00
673.00
686.00
758.00
549.00
751.00
760.00
685.00
728.00
700.00
826.00
524.00
413.00
307.00
397.00
578.00
398.00
665.00
503.00
467.00
551.00
735.00
686.00
575.00
641.00
413.00
739.00
633.00
431.00
527.00
508.00
400.00
682.00
627.00
750.00
581.00
593.00
539.00
741.00
903.00
596.00
681.00
698.00
541.00
749.00
523.00
465.00
759.00
599.00
654.00
426.00
856.00
714.00
492.00
798.00
809.00
605.00
769.00
561.00
634.00
362.00
592.00
663.00
689.00
639.00
718.00
522.00
805.00
341.00
590.00
534.00
674.00
438.00
795.00
402.00
698.00
377.00
552.00
574.00
631.00
749.00
557.00
628.00
632.00
601.00
561.00
808.00
518.00
485.00
412.00
785.00
883.00
471.00
800.00
647.00
660.00
701.00
840.00
680.00
717.00
450.00
833.00
595.00
530.00
462.00
622.00
723.00
658.00
507.00
521.00
660.00
621.00
576.00
860.00
677.00
466.00
529.00
488.00
775.00
431.00
700.00
794.00
596.00
433.00
570.00
400.00
685.00
604.00
371.00
546.00
633.00
314.00
808.00
627.00
632.00
596.00
643.00
762.00
583.00
507.00
751.00
568.00
700.00
523.00
614.00
715.00
349.00
671.00
405.00
527.00
923.00
608.00
517.00
509.00
729.00
627.00
440.00
404.00
695.00
567.00
567.00
633.00
674.00
489.00
645.00
495.00
669.00
525.00
474.00
854.00
432.00
614.00
552.00
448.00
811.00
700.00
801.00
542.00
849.00
555.00
586.00
601.00
874.00
633.00
600.00
545.00
641.00
438.00
418.00
388.00
742.00
644.00
417.00
426.00
670.00
642.00
469.00
457.00
618.00
746.00
631.00
741.00
635.00
478.00
713.00
679.00
595.00
759.00
530.00
327.00
576.00
567.00
533.00
330.00
655.00
676.00
427.00
594.00
720.00
808.00
428.00
757.00
747.00
251.00
848.00
557.00
564.00
449.00
506.00
550.00
493.00
738.00
507.00
462.00
783.00
725.00
884.00
650.00
772.00
467.00
765.00
603.00
764.00
617.00
434.00
640.00
632.00
619.00
455.00
453.00
360.00
803.00
836.00
713.00
412.00
479.00
316.00
242.00
448.00
611.00
493.00
730.00
628.00
688.00
716.00
949.00
571.00
584.00
474.00
830.00
584.00
406.00
634.00
743.00
639.00
483.00
904.00
374.00
587.00
692.00
812.00
691.00
245.00
578.00
869.00
462.00
644.00
427.00
794.00
400.00
284.00
741.00
634.00
432.00
706.00
718.00
734.00
791.00
553.00
362.00
789.00
877.00
732.00
591.00
643.00
630.00
648.00
429.00
600.00
611.00
371.00
460.00
656.00
543.00
441.00
740.00
801.00
566.00
559.00
722.00
480.00
478.00
753.00
429.00
704.00
463.00
640.00
771.00
319.00
610.00
445.00
505.00
780.00
872.00
667.00
607.00
624.00
476.00
777.00
512.00
841.00
436.00
730.00
773.00
649.00
350.00
590.00
499.00
595.00
706.00
628.00
726.00
541.00
457.00
711.00
453.00
746.00
733.00
665.00
402.00
596.00
797.00
532.00
441.00
742.00
722.00
743.00
465.00
648.00
530.00
768.00
628.00
681.00
633.00
625.00
487.00
407.00
576.00
540.00
588.00
778.00
430.00
722.00
701.00
718.00
508.00
633.00
637.00
777.00
283.00
756.00
681.00
489.00
339.00
550.00
406.00
434.00
534.00
706.00
682.00
491.00
635.00
494.00
763.00
736.00
780.00
687.00
541.00
449.00
439.00
502.00
745.00
426.00
543.00
394.00
726.00
391.00
750.00
455.00
831.00
697.00
742.00
569.00
755.00
774.00
698.00
635.00
508.00
462.00
302.00
573.00
425.00
523.00
592.00
358.00
704.00
869.00
728.00
552.00
663.00
725.00
676.00
631.00
276.00
701.00
560.00
808.00
745.00
843.00
660.00
578.00
217.00
419.00
764.00
570.00
402.00
604.00
728.00
648.00
650.00
363.00
568.00
624.00
763.00
834.00
719.00
566.00
341.00
553.00
690.00
655.00
662.00
599.00
647.00
687.00
797.00
555.00
698.00
576.00
413.00
690.00
464.00
472.00
625.00
373.00
323.00
561.00
417.00
423.00
866.00
611.00
382.00
517.00
626.00
557.00
457.00
514.00
367.00
812.00
555.00
664.00
625.00
783.00
450.00
645.00
599.00
519.00
678.00
644.00
591.00
383.00
769.00
739.00
845.00
614.00
724.00
475.00
446.00
634.00
854.00
446.00
438.00
775.00
621.00
461.00
399.00
780.00
657.00
498.00
583.00
592.00
755.00
545.00
417.00
668.00
706.00
546.00
446.00
574.00
718.00
741.00
627.00
693.00
466.00
726.00
666.00
881.00
556.00
589.00
370.00
586.00
624.00
444.00
617.00
380.00
483.00
654.00
667.00
498.00
424.00
492.00
670.00
605.00
527.00
517.00
533.00
572.00
367.00
216.00
610.00
888.00
777.00
486.00
635.00
552.00
346.00
587.00
473.00
718.00
642.00
556.00
757.00
410.00
783.00
597.00
694.00
522.00
700.00
564.00
468.00
579.00
597.00
772.00
875.00
817.00
619.00
576.00
306.00
736.00
558.00
649.00
548.00
475.00
658.00
832.00
624.00
486.00
373.00
593.00
889.00
440.00
826.00
559.00
663.00
566.00
346.00
622.00
581.00
498.00
688.00
560.00
519.00
743.00
659.00
658.00
374.00
362.00
783.00
494.00
546.00
855.00
390.00
690.00
710.00
938.00
899.00
722.00
722.00
864.00
680.00
612.00
819.00
590.00
570.00
649.00
891.00
823.00
735.00
831.00
288.00
733.00
671.00
675.00
628.00
755.00
926.00
640.00
396.00
664.00
806.00
469.00
796.00
514.00
470.00
578.00
700.00
647.00
732.00
482.00
518.00
778.00
669.00
508.00
425.00
768.00
695.00
544.00
633.00
443.00
613.00
721.00
690.00
441.00
781.00
468.00
379.00
364.00
400.00
494.00
425.00
446.00
563.00
405.00
902.00
374.00
371.00
892.00
553.00
413.00
601.00
540.00
564.00
550.00
685.00
508.00
543.00
707.00
667.00
486.00
545.00
473.00
950.00
399.00
592.00
454.00
578.00
596.00
551.00
505.00
528.00
326.00
525.00
782.00
420.00
490.00
644.00
621.00
761.00
532.00
620.00
662.00
623.00
389.00
694.00
680.00
809.00
597.00
534.00
664.00
578.00
733.00
725.00
520.00
407.00
526.00
490.00
705.00
594.00
531.00
408.00
584.00
405.00
395.00
665.00
602.00
853.00
737.00
638.00
702.00
761.00
485.00
721.00
533.00
597.00
431.00
612.00
441.00
407.00
424.00
487.00
700.00
661.00
622.00
733.00
432.00
659.00
766.00
439.00
624.00
664.00
628.00
492.00
470.00
572.00
554.00
583.00
757.00
512.00
672.00
486.00
369.00
882.00
450.00
550.00
427.00
411.00
614.00
709.00
305.00
710.00
650.00
681.00
450.00
529.00
583.00
360.00
598.00
737.00
763.00
543.00
402.00
503.00
773.00
492.00
586.00
385.00
676.00
595.00
729.00
775.00
518.00
903.00
619.00
513.00
835.00
707.00
718.00
611.00
414.00
938.00
762.00
494.00
624.00
558.00
426.00
620.00
863.00
491.00
848.00
422.00
754.00
353.00
711.00
608.00
573.00
477.00
720.00
585.00
580.00
589.00
672.00
608.00
362.00
697.00
931.00
321.00
628.00
769.00
796.00
358.00
809.00
352.00
550.00
504.00
597.00
602.00
604.00
404.00
356.00
705.00
613.00
640.00
320.00
496.00
769.00
685.00
801.00
772.00
670.00
678.00
795.00
494.00
657.00
569.00
629.00
814.00
635.00
503.00
559.00
343.00
590.00
538.00
637.00
637.00
702.00
559.00
894.00
559.00
352.00
543.00
643.00
411.00
710.00
507.00
648.00
800.00
502.00
600.00
652.00
595.00
533.00
461.00
415.00
625.00
498.00
563.00
694.00
488.00
532.00
503.00
596.00
573.00
386.00
542.00
756.00
600.00
308.00
576.00
551.00
567.00
509.00
554.00
760.00
390.00
734.00
743.00
341.00
724.00
592.00
632.00
508.00
661.00
498.00
504.00
681.00
671.00
386.00
725.00
922.00
539.00
464.00
416.00
417.00
529.00
581.00
735.00
579.00
607.00
485.00
387.00
709.00
714.00
449.00
531.00
477.00
832.00
782.00
431.00
873.00
601.00
472.00
583.00
416.00
654.00
621.00
721.00
643.00
751.00
642.00
548.00
742.00
630.00
645.00
433.00
758.00
523.00
619.00
580.00
583.00
482.00
359.00
652.00
647.00
478.00
618.00
760.00
661.00
716.00
656.00
605.00
689.00
505.00
812.00
663.00
670.00
711.00
412.00
495.00
510.00
628.00
900.00
696.00
495.00
745.00
675.00
396.00
546.00
654.00
823.00
354.00
751.00
628.00
504.00
377.00
434.00
672.00
371.00
657.00
428.00
616.00
706.00
440.00
832.00
677.00
738.00
541.00
829.00
264.00
734.00
787.00
501.00
485.00
451.00
678.00
624.00
537.00
873.00
657.00
367.00
722.00
469.00
441.00
493.00
673.00
391.00
485.00
772.00
391.00
851.00
757.00
532.00
496.00
850.00
620.00
509.00
394.00
471.00
553.00
749.00
760.00
492.00
616.00
491.00
427.00
378.00
824.00
689.00
651.00
252.00
745.00
544.00
418.00
564.00
521.00
793.00
389.00
335.00
799.00
335.00
478.00
390.00
588.00
580.00
708.00
583.00
523.00
397.00
777.00
421.00
536.00
669.00
369.00
584.00
718.00
490.00
772.00
890.00
547.00
452.00
542.00
538.00
558.00
642.00
436.00
411.00
556.00
398.00
497.00
710.00
745.00
362.00
654.00
488.00
775.00
739.00
643.00
533.00
865.00
750.00
523.00
794.00
734.00
660.00
874.00
467.00
685.00
532.00
612.00
567.00
403.00
525.00
822.00
596.00
696.00
523.00
558.00
616.00
555.00
638.00
949.00
414.00
663.00
614.00
673.00
676.00
494.00
670.00
654.00
626.00
435.00
377.00
712.00
388.00
755.00
535.00
744.00
483.00
466.00
553.00
667.00
649.00
674.00
764.00
579.00
796.00
744.00
706.00
634.00
587.00
742.00
417.00
546.00
297.00
692.00
857.00
796.00
395.00
650.00
599.00
404.00
499.00
602.00
628.00
745.00
589.00
757.00
350.00
683.00
687.00
568.00
468.00
400.00
522.00
550.00
569.00
573.00
651.00
474.00
757.00
553.00
760.00
716.00
692.00
353.00
643.00
823.00
763.00
791.00
618.00
545.00
636.00
545.00
688.00
724.00
525.00
526.00
803.00
401.00
587.00
758.00
415.00
559.00
596.00
787.00
740.00
783.00
448.00
627.00
472.00
590.00
635.00
385.00
526.00
645.00
321.00
458.00
596.00
633.00
675.00
615.00
447.00
704.00
421.00
648.00
549.00
592.00
806.00
643.00
556.00
629.00
639.00
589.00
837.00
684.00
749.00
610.00
637.00
582.00
649.00
617.00
812.00
600.00
585.00
392.00
891.00
815.00
771.00
664.00
532.00
399.00
555.00
734.00
598.00
676.00
711.00
621.00
405.00
437.00
715.00
364.00
846.00
676.00
596.00
450.00
675.00
434.00
689.00
735.00
669.00
648.00
586.00
690.00
782.00
616.00
890.00
669.00
562.00
374.00
728.00
820.00
443.00
690.00
586.00
287.00
463.00
422.00
307.00
672.00
470.00
988.00
259.00
547.00
631.00
536.00
575.00
468.00
753.00
935.00
708.00
554.00
574.00
594.00
737.00
608.00
444.00
495.00
700.00
551.00
695.00
344.00
741.00
751.00
771.00
934.00
785.00
703.00
666.00
742.00
724.00
756.00
495.00
629.00
750.00
571.00
415.00
599.00
691.00
726.00
669.00
671.00
369.00
356.00
574.00
684.00
578.00
490.00
735.00
510.00
477.00
542.00
525.00
575.00
490.00
655.00
563.00
534.00
553.00
489.00
716.00
707.00
641.00
458.00
551.00
702.00
777.00
501.00
494.00
923.00
397.00
420.00
476.00
388.00
536.00
619.00
412.00
359.00
705.00
818.00
456.00
769.00
717.00
669.00
601.00
682.00
683.00
678.00
525.00
536.00
415.00
334.00
511.00
356.00
532.00
457.00
566.00
781.00
617.00
515.00
618.00
728.00
686.00
578.00
646.00
569.00
609.00
632.00
617.00
371.00
650.00
536.00
782.00
654.00
586.00
717.00
718.00
593.00
475.00
726.00
774.00
679.00
853.00
525.00
580.00
525.00
516.00
755.00
838.00
495.00
492.00
587.00
676.00
546.00
458.00
558.00
762.00
878.00
613.00
416.00
521.00
517.00
653.00
726.00
390.00
601.00
452.00
732.00
449.00
476.00
613.00
727.00
580.00
582.00
825.00
703.00
482.00
555.00
780.00
471.00
589.00
686.00
319.00
776.00
619.00
662.00
667.00
798.00
766.00
598.00
917.00
569.00
825.00
688.00
775.00
397.00
733.00
630.00
618.00
475.00
477.00
385.00
576.00
713.00
579.00
780.00
746.00
830.00
644.00
694.00
609.00
807.00
648.00
413.00
632.00
757.00
447.00
334.00
677.00
633.00
565.00
561.00
891.00
706.00
693.00
502.00
473.00
438.00
704.00
511.00
515.00
561.00
682.00
395.00
641.00
488.00
647.00
651.00
804.00
593.00
541.00
752.00
553.00
945.00
447.00
750.00
406.00
842.00
675.00
584.00
462.00
881.00
686.00
591.00
573.00
466.00
487.00
845.00
571.00
673.00
538.00
716.00
915.00
356.00
502.00
664.00
844.00
541.00
643.00
639.00
681.00
510.00
669.00
465.00
508.00
531.00
648.00
556.00
633.00
747.00
449.00
678.00
509.00
548.00
461.00
732.00
524.00
615.00
614.00
409.00
584.00
656.00
586.00
695.00
608.00
578.00
645.00
481.00
694.00
321.00
411.00
691.00
624.00
372.00
954.00
872.00
664.00
809.00
543.00
522.00
613.00
627.00
387.00
474.00
844.00
764.00
483.00
714.00
563.00
469.00
724.00
641.00
551.00
653.00
582.00
480.00
483.00
899.00
768.00
458.00
632.00
680.00
567.00
511.00
755.00
716.00
507.00
808.00
395.00
910.00
338.00
308.00
481.00
376.00
742.00
770.00
569.00
756.00
816.00
518.00
449.00
474.00
745.00
811.00
847.00
466.00
781.00
470.00
789.00
494.00
788.00
397.00
366.00
392.00
645.00
566.00
660.00
529.00
505.00
697.00
399.00
534.00
839.00
592.00
811.00
367.00
346.00
574.00
473.00
721.00
673.00
619.00
566.00
502.00
460.00
880.00
603.00
822.00
556.00
499.00
687.00
666.00
617.00
913.00
289.00
720.00
593.00
474.00
828.00
587.00
823.00
756.00
456.00
640.00
649.00
509.00
512.00
664.00
708.00
685.00
752.00
905.00
651.00
910.00
798.00
470.00
580.00
672.00
399.00
658.00
837.00
595.00
587.00
475.00
574.00
459.00
334.00
389.00
686.00
511.00
309.00
853.00
539.00
382.00
567.00
772.00
382.00
636.00
414.00
715.00
612.00
650.00
759.00
375.00
737.00
559.00
686.00
594.00
398.00
584.00
557.00
404.00
549.00
782.00
840.00
443.00
792.00
763.00
627.00
680.00
729.00
608.00
628.00
854.00
608.00
577.00
465.00
595.00
496.00
557.00
692.00
868.00
369.00
806.00
568.00
776.00
591.00
695.00
522.00
676.00
514.00
389.00
719.00
431.00
559.00
499.00
751.00
740.00
651.00
480.00
565.00
366.00
594.00
576.00
501.00
403.00
559.00
600.00
459.00
587.00
573.00
355.00
824.00
582.00
697.00
284.00
827.00
660.00
649.00
619.00
622.00
719.00
519.00
641.00
529.00
516.00
415.00
738.00
476.00
451.00
701.00
427.00
624.00
633.00
509.00
508.00
755.00
598.00
788.00
679.00
469.00
443.00
401.00
497.00
659.00
435.00
429.00
421.00
283.00
537.00
639.00
692.00
744.00
535.00
378.00
581.00
533.00
652.00
590.00
704.00
612.00
607.00
473.00
479.00
504.00
586.00
496.00
745.00
404.00
567.00
322.00
575.00
428.00
761.00
527.00
345.00
469.00
493.00
623.00
479.00
570.00
762.00
690.00
676.00
249.00
557.00
536.00
485.00
474.00
471.00
467.00
708.00
622.00
602.00
621.00
866.00
459.00
707.00
525.00
711.00
600.00
905.00
624.00
564.00
419.00
851.00
631.00
462.00
513.00
894.00
388.00
562.00
722.00
581.00
490.00
889.00
616.00
514.00
894.00
523.00
465.00
419.00
783.00
707.00
833.00
451.00
651.00
462.00
798.00
413.00
473.00
694.00
699.00
328.00
660.00
480.00
656.00
373.00
596.00
776.00
669.00
577.00
642.00
504.00
308.00
714.00
494.00
773.00
682.00
621.00
530.00
384.00
400.00
401.00
596.00
596.00
561.00
629.00
355.00
827.00
694.00
619.00
505.00
714.00
834.00
384.00
786.00
484.00
528.00
765.00
651.00
506.00
502.00
726.00
452.00
530.00
739.00
706.00
496.00
760.00
757.00
617.00
631.00
379.00
479.00
399.00
779.00
635.00
665.00
638.00
551.00
412.00
523.00
563.00
843.00
396.00
709.00
850.00
701.00
704.00
980.00
668.00
556.00
344.00
454.00
379.00
509.00
807.00
448.00
427.00
709.00
556.00
518.00
350.00
670.00
682.00
435.00
583.00
440.00
427.00
526.00
376.00
478.00
737.00
473.00
623.00
733.00
599.00
817.00
685.00
916.00
609.00
435.00
464.00
654.00
795.00
795.00
807.00
551.00
391.00
453.00
530.00
627.00
826.00
515.00
445.00
569.00
541.00
495.00
542.00
635.00
603.00
584.00
561.00
749.00
657.00
514.00
451.00
682.00
603.00
727.00
704.00
713.00
752.00
737.00
692.00
804.00
401.00
596.00
393.00
611.00
487.00
659.00
751.00
445.00
882.00
823.00
536.00
599.00
580.00
477.00
750.00
734.00
550.00
555.00
514.00
550.00
586.00
932.00
585.00
319.00
501.00
570.00
574.00
674.00
680.00
620.00
440.00
769.00
526.00
729.00
554.00
715.00
580.00
867.00
582.00
558.00
516.00
739.00
427.00
665.00
677.00
604.00
720.00
630.00
623.00
718.00
783.00
738.00
885.00
852.00
504.00
659.00
501.00
755.00
590.00
675.00
765.00
453.00
699.00
446.00
772.00
406.00
895.00
608.00
331.00
553.00
471.00
651.00
464.00
560.00
431.00
322.00
666.00
422.00
525.00
514.00
759.00
641.00
698.00
708.00
530.00
543.00
697.00
611.00
785.00
750.00
531.00
563.00
398.00
543.00
426.00
737.00
767.00
628.00
859.00
492.00
581.00
811.00
639.00
485.00
555.00
866.00
707.00
486.00
344.00
467.00
620.00
425.00
374.00
615.00
448.00
684.00
564.00
362.00
439.00
679.00
756.00
878.00
401.00
649.00
624.00
475.00
564.00
698.00
663.00
478.00
544.00
441.00
777.00
564.00
618.00
757.00
807.00
606.00
417.00
775.00
797.00
422.00
752.00
688.00
307.00
436.00
896.00
711.00
621.00
630.00
697.00
363.00
596.00
744.00
487.00
789.00
756.00
569.00
751.00
448.00
467.00
778.00
454.00
744.00
768.00
701.00
686.00
511.00
329.00
854.00
508.00
440.00
498.00
825.00
542.00
689.00
781.00
616.00
451.00
312.00
486.00
719.00
598.00
847.00
662.00
628.00
644.00
421.00
567.00
731.00
675.00
649.00
797.00
579.00
852.00
504.00
506.00
680.00
750.00
734.00
487.00
596.00
919.00
729.00
640.00
610.00
634.00
631.00
634.00
629.00
723.00
793.00
559.00
608.00
441.00
788.00
440.00
635.00
697.00
670.00
889.00
666.00
541.00
542.00
686.00
319.00
302.00
425.00
471.00
638.00
679.00
460.00
646.00
673.00
588.00
386.00
463.00
563.00
634.00
603.00
616.00
637.00
482.00
345.00
646.00
705.00
514.00
906.00
666.00
869.00
694.00
411.00
504.00
641.00
672.00
718.00
711.00
410.00
777.00
473.00
603.00
587.00
614.00
438.00
689.00
696.00
729.00
694.00
290.00
429.00
558.00
583.00
662.00
702.00
598.00
613.00
752.00
596.00
692.00
630.00
340.00
579.00
760.00
519.00
888.00
539.00
477.00
713.00
711.00
583.00
742.00
371.00
613.00
775.00
485.00
891.00
640.00
429.00
490.00
663.00
558.00
636.00
703.00
697.00
471.00
499.00
531.00
560.00
664.00
563.00
502.00
571.00
794.00
586.00
461.00
664.00
478.00
847.00
690.00
805.00
738.00
420.00
867.00
654.00
476.00
586.00
621.00
594.00
686.00
717.00
841.00
679.00
474.00
782.00
523.00
787.00
462.00
581.00
508.00
698.00
404.00
692.00
544.00
606.00
775.00
687.00
871.00
542.00
729.00
454.00
516.00
528.00
825.00
387.00
524.00
562.00
451.00
475.00
531.00
371.00
580.00
504.00
570.00
642.00
662.00
650.00
787.00
584.00
823.00
629.00
602.00
473.00
544.00
695.00
452.00
695.00
782.00
510.00
571.00
873.00
515.00
908.00
549.00
702.00
591.00
778.00
908.00
724.00
785.00
483.00
508.00
796.00
318.00
752.00
440.00
694.00
520.00
703.00
701.00
586.00
647.00
327.00
591.00
634.00
529.00
578.00
639.00
394.00
559.00
479.00
498.00
491.00
460.00
580.00
538.00
382.00
745.00
390.00
898.00
625.00
720.00
698.00
807.00
747.00
576.00
593.00
381.00
896.00
748.00
836.00
630.00
344.00
393.00
555.00
547.00
731.00
523.00
300.00
579.00
876.00
706.00
653.00
400.00
412.00
463.00
791.00
672.00
488.00
812.00
618.00
910.00
656.00
691.00
487.00
287.00
489.00
559.00
743.00
775.00
719.00
699.00
372.00
501.00
784.00
554.00
644.00
371.00
730.00
700.00
636.00
560.00
318.00
795.00
624.00
487.00
567.00
459.00
728.00
603.00
847.00
710.00
568.00
522.00
518.00
405.00
521.00
552.00
568.00
443.00
564.00
543.00
857.00
436.00
618.00
527.00
569.00
498.00
593.00
353.00
769.00
364.00
577.00
438.00
585.00
750.00
707.00
565.00
810.00
348.00
612.00
500.00
658.00
644.00
617.00
609.00
666.00
492.00
351.00
778.00
831.00
614.00
401.00
560.00
837.00
482.00
484.00
795.00
613.00
723.00
494.00
559.00
529.00
767.00
796.00
701.00
667.00
404.00
580.00
411.00
726.00
360.00
754.00
490.00
617.00
599.00
842.00
522.00
716.00
740.00
653.00
715.00
615.00
736.00
839.00
629.00
665.00
579.00
715.00
578.00
530.00
467.00
917.00
484.00
846.00
289.00
539.00
736.00
801.00
370.00
749.00
706.00
640.00
572.00
468.00
388.00
763.00
490.00
643.00
586.00
862.00
550.00
623.00
649.00
431.00
376.00
610.00
463.00
765.00
563.00
590.00
470.00
578.00
771.00
407.00
585.00
649.00
733.00
813.00
646.00
708.00
706.00
618.00
540.00
802.00
746.00
645.00
498.00
912.00
537.00
519.00
726.00
764.00
660.00
465.00
700.00
471.00
418.00
678.00
616.00
519.00
730.00
743.00
530.00
616.00
653.00
738.00
625.00
440.00
584.00
375.00
610.00
674.00
595.00
576.00
534.00
746.00
654.00
481.00
712.00
542.00
602.00
512.00
517.00
544.00
701.00
472.00
519.00
675.00
568.00
809.00
806.00
634.00
704.00
557.00
483.00
767.00
458.00
328.00
414.00
933.00
516.00
704.00
392.00
593.00
589.00
417.00
633.00
544.00
684.00
428.00
586.00
409.00
597.00
498.00
735.00
737.00
695.00
870.00
634.00
535.00
732.00
520.00
707.00
707.00
639.00
712.00
460.00
653.00
610.00
492.00
613.00
535.00
826.00
694.00
778.00
747.00
460.00
362.00
506.00
691.00
268.00
739.00
770.00
705.00
539.00
558.00
645.00
723.00
647.00
483.00
558.00
608.00
547.00
766.00
721.00
609.00
853.00
522.00
693.00
448.00
716.00
468.00
320.00
331.00
758.00
473.00
434.00
777.00
589.00
641.00
583.00
541.00
448.00
575.00
494.00
717.00
730.00
637.00
696.00
606.00
838.00
423.00
682.00
399.00
472.00
452.00
511.00
609.00
687.00
552.00
671.00
791.00
366.00
617.00
757.00
498.00
530.00
435.00
474.00
669.00
693.00
660.00
957.00
514.00
829.00
734.00
375.00
382.00
400.00
852.00
746.00
582.00
475.00
465.00
791.00
608.00
639.00
836.00
532.00
579.00
646.00
372.00
702.00
797.00
751.00
614.00
390.00
737.00
625.00
647.00
837.00
379.00
342.00
478.00
625.00
521.00
796.00
819.00
743.00
914.00
636.00
680.00
749.00
710.00
783.00
627.00
604.00
682.00
651.00
618.00
607.00
502.00
433.00
689.00
723.00
900.00
585.00
627.00
372.00
691.00
595.00
468.00
580.00
302.00
584.00
360.00
422.00
491.00
649.00
591.00
608.00
465.00
642.00
520.00
623.00
488.00
449.00
404.00
421.00
485.00
725.00
724.00
405.00
438.00
499.00
544.00
551.00
665.00
428.00
524.00
733.00
484.00
601.00
720.00
839.00
851.00
434.00
783.00
580.00
678.00
775.00
779.00
668.00
766.00
817.00
688.00
660.00
730.00
646.00
649.00
485.00
651.00
659.00
746.00
861.00
548.00
531.00
441.00
550.00
443.00
651.00
506.00
409.00
779.00
397.00
807.00
417.00
673.00
538.00
685.00
685.00
365.00
417.00
300.00
574.00
838.00
550.00
865.00
921.00
334.00
697.00
731.00
447.00
589.00
468.00
591.00
671.00
431.00
569.00
521.00
717.00
418.00
773.00
803.00
585.00
664.00
666.00
565.00
786.00
493.00
802.00
876.00
539.00
755.00
641.00
932.00
557.00
800.00
776.00
385.00
604.00
755.00
708.00
570.00
784.00
851.00
840.00
744.00
792.00
610.00
683.00
483.00
668.00
473.00
532.00
721.00
562.00
574.00
598.00
366.00
774.00
609.00
646.00
711.00
578.00
357.00
591.00
786.00
584.00
597.00
903.00
416.00
593.00
735.00
532.00
285.00
687.00
435.00
607.00
448.00
713.00
748.00
456.00
850.00
627.00
631.00
514.00
667.00
584.00
719.00
650.00
513.00
642.00
509.00
655.00
684.00
434.00
418.00
521.00
636.00
533.00
511.00
536.00
493.00
539.00
738.00
610.00
771.00
586.00
629.00
483.00
616.00
693.00
512.00
472.00
443.00
917.00
566.00
530.00
656.00
457.00
664.00
604.00
590.00
692.00
515.00
730.00
690.00
346.00
565.00
413.00
575.00
510.00
507.00
459.00
535.00
562.00
347.00
591.00
434.00
652.00
646.00
477.00
523.00
456.00
770.00
452.00
736.00
718.00
582.00
456.00
777.00
555.00
702.00
689.00
648.00
452.00
463.00
702.00
478.00
653.00
446.00
654.00
753.00
663.00
882.00
629.00
732.00
621.00
667.00
606.00
711.00
328.00
453.00
686.00
465.00
568.00
443.00
647.00
596.00
652.00
677.00
749.00
562.00
575.00
447.00
757.00
485.00
489.00
651.00
538.00
347.00
712.00
596.00
777.00
771.00
391.00
570.00
637.00
400.00
534.00
467.00
451.00
493.00
464.00
581.00
654.00
672.00
543.00
725.00
708.00
388.00
745.00
578.00
504.00
602.00
587.00
727.00
696.00
680.00
726.00
786.00
470.00
452.00
560.00
388.00
550.00
943.00
600.00
485.00
513.00
672.00
503.00
646.00
794.00
761.00
686.00
594.00
570.00
585.00
419.00
500.00
438.00
822.00
486.00
677.00
473.00
760.00
807.00
601.00
542.00
340.00
597.00
386.00
764.00
675.00
821.00
611.00
526.00
546.00
747.00
733.00
589.00
478.00
858.00
600.00
479.00
716.00
534.00
597.00
754.00
352.00
646.00
696.00
768.00
513.00
638.00
700.00
396.00
699.00
589.00
432.00
592.00
668.00
793.00
457.00
547.00
661.00
564.00
523.00
368.00
726.00
430.00
865.00
473.00
748.00
544.00
542.00
623.00
508.00
826.00
852.00
475.00
563.00
594.00
720.00
640.00
523.00
651.00
913.00
478.00
632.00
667.00
573.00
740.00
571.00
606.00
555.00
460.00
715.00
611.00
760.00
503.00
354.00
623.00
437.00
613.00
494.00
634.00
549.00
653.00
813.00
752.00
860.00
663.00
589.00
632.00
702.00
534.00
733.00
748.00
689.00
602.00
636.00
788.00
483.00
698.00
583.00
771.00
890.00
778.00
428.00
494.00
475.00
615.00
618.00
491.00
619.00
668.00
552.00
503.00
806.00
551.00
506.00
744.00
672.00
770.00
587.00
771.00
657.00
349.00
714.00
449.00
704.00
563.00
684.00
761.00
586.00
832.00
606.00
461.00
611.00
682.00
511.00
550.00
459.00
271.00
554.00
656.00
547.00
697.00
696.00
564.00
534.00
312.00
764.00
374.00
378.00
436.00
768.00
709.00
549.00
360.00
548.00
659.00
645.00
599.00
406.00
458.00
351.00
720.00
867.00
378.00
428.00
628.00
635.00
575.00
739.00
681.00
696.00
586.00
347.00
775.00
640.00
951.00
804.00
781.00
616.00
608.00
593.00
633.00
720.00
640.00
670.00
583.00
742.00
344.00
610.00
570.00
690.00
583.00
544.00
494.00
525.00
628.00
680.00
350.00
523.00
728.00
491.00
514.00
630.00
625.00
644.00
477.00
812.00
565.00
603.00
944.00
800.00
691.00
843.00
754.00
825.00
680.00
504.00
819.00
674.00
600.00
735.00
567.00
500.00
570.00
644.00
501.00
625.00
692.00
582.00
769.00
769.00
415.00
467.00
643.00
438.00
498.00
575.00
513.00
717.00
667.00
376.00
510.00
716.00
585.00
286.00
778.00
800.00
336.00
724.00
458.00
915.00
601.00
467.00
608.00
413.00
612.00
766.00
688.00
386.00
692.00
677.00
687.00
793.00
803.00
839.00
493.00
400.00
479.00
468.00
547.00
627.00
523.00
730.00
739.00
850.00
839.00
348.00
951.00
471.00
714.00
543.00
549.00
852.00
502.00
470.00
715.00
780.00
776.00
457.00
684.00
464.00
601.00
520.00
483.00
672.00
433.00
525.00
667.00
911.00
438.00
531.00
756.00
549.00
672.00
684.00
788.00
386.00
515.00
688.00
511.00
806.00
701.00
561.00
706.00
532.00
747.00
955.00
492.00
494.00
501.00
503.00
649.00
562.00
331.00
668.00
734.00
297.00
654.00
742.00
636.00
651.00
632.00
292.00
541.00
492.00
746.00
567.00
784.00
400.00
872.00
911.00
399.00
437.00
745.00
635.00
584.00
666.00
569.00
350.00
670.00
735.00
653.00
506.00
506.00
536.00
873.00
607.00
712.00
497.00
439.00
871.00
431.00
473.00
593.00
542.00
526.00
454.00
699.00
401.00
696.00
471.00
448.00
480.00
729.00
603.00
586.00
450.00
670.00
759.00
526.00
619.00
659.00
804.00
735.00
321.00
542.00
305.00
385.00
525.00
449.00
751.00
597.00
663.00
645.00
517.00
676.00
581.00
656.00
758.00
468.00
613.00
591.00
675.00
565.00
795.00
782.00
590.00
803.00
783.00
591.00
593.00
635.00
414.00
670.00
688.00
614.00
513.00
513.00
637.00
790.00
506.00
506.00
865.00
397.00
709.00
744.00
572.00
470.00
482.00
458.00
847.00
904.00
502.00
672.00
313.00
854.00
543.00
773.00
762.00
713.00
797.00
622.00
541.00
766.00
635.00
807.00
627.00
758.00
508.00
395.00
505.00
523.00
575.00
504.00
506.00
511.00
649.00
820.00
510.00
743.00
431.00
672.00
622.00
579.00
534.00
310.00
700.00
842.00
897.00
789.00
727.00
692.00
460.00
821.00
576.00
556.00
572.00
615.00
824.00
553.00
696.00
585.00
632.00
560.00
430.00
581.00
570.00
606.00
513.00
697.00
922.00
716.00
515.00
520.00
859.00
659.00
666.00
584.00
678.00
407.00
829.00
901.00
637.00
848.00
533.00
406.00
703.00
554.00
617.00
508.00
578.00
489.00
465.00
511.00
366.00
576.00
647.00
508.00
287.00
673.00
837.00
719.00
601.00
855.00
460.00
656.00
514.00
651.00
417.00
589.00
662.00
803.00
438.00
362.00
646.00
591.00
524.00
652.00
727.00
300.00
502.00
580.00
413.00
623.00
797.00
756.00
569.00
781.00
629.00
778.00
643.00
467.00
784.00
704.00
547.00
629.00
672.00
549.00
792.00
394.00
366.00
757.00
719.00
567.00
659.00
617.00
654.00
551.00
494.00
838.00
513.00
813.00
564.00
810.00
459.00
852.00
598.00
450.00
626.00
774.00
735.00
492.00
550.00
883.00
829.00
590.00
344.00
541.00
658.00
519.00
543.00
826.00
660.00
630.00
324.00
643.00
421.00
625.00
422.00
660.00
550.00
664.00
385.00
620.00
388.00
684.00
678.00
461.00
920.00
433.00
542.00
507.00
569.00
252.00
552.00
564.00
509.00
692.00
535.00
734.00
915.00
507.00
561.00
421.00
750.00
711.00
426.00
403.00
585.00
811.00
397.00
543.00
655.00
681.00
490.00
651.00
765.00
820.00
735.00
637.00
607.00
684.00
681.00
563.00
457.00
774.00
454.00
560.00
532.00
655.00
521.00
789.00
562.00
664.00
436.00
437.00
547.00
529.00
512.00
743.00
557.00
869.00
660.00
697.00
617.00
486.00
717.00
669.00
484.00
438.00
748.00
536.00
683.00
439.00
663.00
659.00
593.00
820.00
665.00
485.00
651.00
323.00
656.00
664.00
553.00
586.00
545.00
545.00
722.00
494.00
561.00
590.00
589.00
449.00
574.00
588.00
763.00
641.00
774.00
267.00
850.00
652.00
625.00
466.00
723.00
563.00
747.00
453.00
704.00
830.00
420.00
468.00
864.00
531.00
647.00
738.00
520.00
687.00
427.00
839.00
862.00
641.00
653.00
589.00
597.00
692.00
826.00
691.00
513.00
644.00
604.00
355.00
672.00
477.00
606.00
533.00
649.00
324.00
717.00
505.00
390.00
458.00
531.00
504.00
591.00
636.00
333.00
708.00
593.00
636.00
589.00
465.00
682.00
674.00
596.00
691.00
642.00
531.00
625.00
654.00
489.00
770.00
505.00
640.00
534.00
417.00
751.00
579.00
525.00
371.00
817.00
448.00
441.00
652.00
818.00
538.00
537.00
563.00
536.00
771.00
543.00
516.00
801.00
384.00
567.00
801.00
551.00
567.00
413.00
408.00
542.00
630.00
580.00
545.00
825.00
777.00
456.00
523.00
415.00
484.00
707.00
691.00
508.00
719.00
570.00
824.00
536.00
565.00
334.00
699.00
902.00
499.00
627.00
446.00
746.00
421.00
455.00
750.00
500.00
489.00
872.00
713.00
396.00
808.00
625.00
624.00
481.00
335.00
873.00
837.00
799.00
318.00
872.00
736.00
490.00
563.00
746.00
550.00
583.00
570.00
654.00
672.00
734.00
440.00
341.00
656.00
257.00
509.00
612.00
772.00
845.00
454.00
742.00
418.00
578.00
660.00
642.00
697.00
415.00
579.00
513.00
577.00
474.00
578.00
481.00
616.00
808.00
640.00
539.00
656.00
586.00
611.00
526.00
272.00
605.00
359.00
767.00
337.00
663.00
511.00
592.00
816.00
715.00
503.00
663.00
342.00
548.00
478.00
593.00
872.00
526.00
662.00
360.00
794.00
515.00
319.00
606.00
442.00
794.00
674.00
697.00
539.00
633.00
535.00
699.00
743.00
628.00
407.00
403.00
663.00
379.00
563.00
472.00
565.00
626.00
725.00
636.00
525.00
764.00
563.00
630.00
823.00
819.00
510.00
596.00
694.00
484.00
625.00
662.00
550.00
772.00
662.00
539.00
626.00
644.00
548.00
876.00
411.00
511.00
667.00
568.00
551.00
716.00
718.00
657.00
577.00
883.00
725.00
482.00
531.00
629.00
774.00
795.00
454.00
665.00
638.00
712.00
524.00
692.00
450.00
532.00
551.00
702.00
775.00
379.00
676.00
831.00
763.00
685.00
825.00
713.00
846.00
743.00
767.00
863.00
750.00
699.00
641.00
499.00
389.00
731.00
582.00
742.00
623.00
738.00
632.00
883.00
450.00
793.00
836.00
786.00
788.00
617.00
671.00
908.00
816.00
838.00
288.00
484.00
783.00
454.00
572.00
696.00
469.00
583.00
474.00
585.00
880.00
589.00
526.00
702.00
593.00
629.00
617.00
682.00
588.00
451.00
890.00
402.00
796.00
335.00
694.00
621.00
566.00
345.00
718.00
805.00
352.00
457.00
801.00
709.00
550.00
630.00
734.00
636.00
828.00
806.00
851.00
322.00
716.00
789.00
498.00
624.00
427.00
635.00
597.00
465.00
456.00
395.00
275.00
548.00
722.00
544.00
547.00
502.00
652.00
859.00
479.00
582.00
613.00
678.00
866.00
822.00
650.00
728.00
689.00
440.00
614.00
686.00
762.00
380.00
392.00
696.00
568.00
392.00
514.00
632.00
707.00
534.00
583.00
334.00
484.00
633.00
592.00
427.00
636.00
287.00
669.00
654.00
722.00
591.00
358.00
371.00
568.00
683.00
661.00
665.00
590.00
547.00
614.00
677.00
667.00
698.00
793.00
502.00
369.00
623.00
471.00
587.00
553.00
638.00
599.00
401.00
827.00
576.00
517.00
531.00
551.00
615.00
651.00
567.00
641.00
817.00
472.00
554.00
549.00
598.00
575.00
487.00
768.00
379.00
579.00
435.00
687.00
629.00
752.00
377.00
745.00
707.00
482.00
536.00
555.00
539.00
478.00
587.00
594.00
501.00
710.00
493.00
593.00
807.00
789.00
484.00
715.00
490.00
478.00
904.00
817.00
603.00
384.00
433.00
437.00
387.00
454.00
412.00
729.00
590.00
595.00
698.00
534.00
495.00
854.00
826.00
608.00
599.00
392.00
381.00
616.00
460.00
710.00
634.00
777.00
366.00
802.00
683.00
576.00
430.00
442.00
570.00
755.00
404.00
569.00
850.00
692.00
362.00
760.00
524.00
724.00
501.00
724.00
341.00
425.00
567.00
738.00
384.00
279.00
566.00
753.00
547.00
545.00
595.00
553.00
346.00
294.00
642.00
564.00
707.00
631.00
702.00
593.00
581.00
582.00
497.00
507.00
718.00
676.00
606.00
402.00
829.00
553.00
653.00
722.00
652.00
692.00
620.00
836.00
649.00
913.00
608.00
505.00
522.00
393.00
678.00
436.00
721.00
704.00
365.00
490.00
773.00
580.00
533.00
563.00
347.00
798.00
685.00
455.00
568.00
786.00
438.00
523.00
635.00
474.00
480.00
595.00
533.00
701.00
576.00
752.00
784.00
700.00
822.00
457.00
517.00
479.00
694.00
872.00
523.00
458.00
772.00
510.00
659.00
758.00
710.00
655.00
651.00
360.00
480.00
735.00
725.00
583.00
768.00
385.00
626.00
631.00
620.00
529.00
815.00
581.00
457.00
273.00
467.00
567.00
633.00
537.00
448.00
568.00
550.00
424.00
401.00
519.00
860.00
517.00
505.00
558.00
659.00
602.00
621.00
413.00
893.00
705.00
376.00
589.00
676.00
733.00
725.00
710.00
653.00
535.00
392.00
537.00
653.00
367.00
713.00
731.00
835.00
574.00
661.00
454.00
475.00
563.00
455.00
512.00
517.00
818.00
615.00
432.00
469.00
875.00
380.00
434.00
747.00
537.00
594.00
716.00
590.00
648.00
753.00
625.00
535.00
754.00
459.00
495.00
384.00
735.00
555.00
510.00
458.00
693.00
742.00
696.00
513.00
648.00
371.00
640.00
653.00
629.00
578.00
768.00
704.00
502.00
803.00
663.00
581.00
657.00
630.00
531.00
656.00
861.00
648.00
742.00
682.00
816.00
768.00
957.00
506.00
686.00
661.00
832.00
567.00
632.00
533.00
654.00
443.00
769.00
367.00
684.00
585.00
617.00
875.00
749.00
633.00
489.00
444.00
444.00
771.00
737.00
450.00
387.00
723.00
466.00
532.00
470.00
654.00
662.00
574.00
712.00
704.00
789.00
722.00
577.00
357.00
881.00
319.00
645.00
421.00
632.00
699.00
629.00
311.00
896.00
829.00
493.00
518.00
527.00
417.00
325.00
649.00
578.00
852.00
775.00
868.00
465.00
586.00
425.00
590.00
747.00
554.00
591.00
933.00
747.00
564.00
711.00
674.00
578.00
554.00
732.00
507.00
595.00
771.00
493.00
821.00
690.00
677.00
753.00
568.00
649.00
348.00
727.00
549.00
774.00
424.00
712.00
413.00
435.00
392.00
609.00
724.00
610.00
259.00
885.00
678.00
528.00
542.00
525.00
882.00
672.00
761.00
842.00
678.00
721.00
295.00
372.00
550.00
699.00
821.00
593.00
710.00
803.00
789.00
873.00
716.00
671.00
500.00
365.00
770.00
331.00
633.00
638.00
781.00
481.00
693.00
615.00
627.00
623.00
762.00
628.00
486.00
799.00
800.00
480.00
760.00
750.00
480.00
444.00
736.00
396.00
512.00
805.00
476.00
296.00
419.00
872.00
754.00
739.00
569.00
643.00
962.00
443.00
289.00
640.00
646.00
695.00
780.00
798.00
467.00
538.00
791.00
663.00
587.00
837.00
722.00
670.00
415.00
512.00
679.00
542.00
491.00
586.00
387.00
694.00
378.00
664.00
499.00
654.00
467.00
459.00
622.00
834.00
380.00
434.00
815.00
840.00
616.00
832.00
614.00
447.00
400.00
445.00
582.00
673.00
340.00
622.00
484.00
622.00
695.00
482.00
628.00
404.00
729.00
407.00
873.00
473.00
743.00
652.00
364.00
821.00
521.00
515.00
461.00
602.00
444.00
375.00
466.00
263.00
635.00
510.00
734.00
531.00
493.00
526.00
694.00
508.00
479.00
909.00
599.00
597.00
735.00
550.00
607.00
647.00
544.00
749.00
782.00
605.00
649.00
869.00
427.00
530.00
458.00
683.00
683.00
729.00
579.00
625.00
738.00
856.00
785.00
831.00
835.00
571.00
377.00
423.00
382.00
766.00
639.00
728.00
758.00
377.00
642.00
691.00
706.00
413.00
387.00
694.00
641.00
538.00
451.00
696.00
676.00
734.00
608.00
583.00
652.00
469.00
723.00
676.00
322.00
626.00
753.00
652.00
453.00
826.00
599.00
628.00
530.00
505.00
445.00
590.00
611.00
504.00
538.00
588.00
618.00
520.00
622.00
879.00
569.00
482.00
914.00
325.00
579.00
808.00
358.00
658.00
464.00
390.00
563.00
641.00
569.00
674.00
564.00
563.00
596.00
563.00
883.00
729.00
621.00
600.00
725.00
507.00
657.00
367.00
548.00
687.00
679.00
471.00
709.00
443.00
835.00
865.00
597.00
532.00
667.00
843.00
491.00
869.00
602.00
652.00
817.00
523.00
419.00
654.00
587.00
742.00
660.00
705.00
685.00
621.00
491.00
773.00
710.00
524.00
562.00
756.00
558.00
562.00
585.00
648.00
587.00
339.00
788.00
627.00
421.00
538.00
404.00
468.00
650.00
398.00
373.00
676.00
738.00
690.00
410.00
669.00
635.00
924.00
683.00
699.00
636.00
864.00
487.00
660.00
377.00
606.00
655.00
434.00
451.00
356.00
723.00
374.00
777.00
485.00
618.00
815.00
552.00
777.00
755.00
566.00
646.00
517.00
666.00
442.00
486.00
347.00
294.00
684.00
461.00
771.00
726.00
682.00
558.00
768.00
611.00
342.00
286.00
528.00
461.00
267.00
387.00
762.00
730.00
701.00
686.00
585.00
904.00
610.00
462.00
494.00
585.00
592.00
514.00
416.00
472.00
767.00
687.00
727.00
447.00
607.00
640.00
631.00
891.00
556.00
785.00
371.00
324.00
828.00
760.00
812.00
484.00
682.00
831.00
366.00
611.00
502.00
770.00
777.00
638.00
614.00
566.00
803.00
781.00
598.00
779.00
619.00
630.00
608.00
774.00
596.00
836.00
818.00
310.00
598.00
767.00
681.00
590.00
375.00
623.00
448.00
678.00
549.00
609.00
422.00
706.00
676.00
420.00
729.00
422.00
405.00
720.00
617.00
661.00
892.00
446.00
580.00
632.00
566.00
610.00
650.00
727.00
482.00
642.00
491.00
610.00
623.00
509.00
735.00
627.00
452.00
773.00
382.00
666.00
642.00
537.00
515.00
502.00
554.00
655.00
670.00
600.00
338.00
391.00
714.00
698.00
416.00
409.00
475.00
789.00
648.00
782.00
488.00
822.00
570.00
534.00
749.00
463.00
672.00
530.00
512.00
645.00
750.00
631.00
577.00
788.00
433.00
850.00
769.00
576.00
633.00
486.00
496.00
316.00
737.00
654.00
573.00
756.00
608.00
611.00
755.00
377.00
364.00
824.00
729.00
394.00
366.00
348.00
720.00
699.00
699.00
674.00
569.00
947.00
466.00
720.00
727.00
660.00
541.00
694.00
652.00
692.00
438.00
586.00
609.00
440.00
618.00
730.00
674.00
382.00
762.00
731.00
584.00
554.00
450.00
698.00
556.00
658.00
588.00
687.00
593.00
490.00
435.00
608.00
689.00
665.00
626.00
692.00
343.00
330.00
531.00
654.00
582.00
600.00
770.00
762.00
813.00
598.00
606.00
543.00
565.00
640.00
758.00
372.00
565.00
577.00
501.00
468.00
923.00
703.00
499.00
667.00
391.00
749.00
547.00
505.00
619.00
378.00
858.00
493.00
876.00
552.00
436.00
762.00
606.00
602.00
350.00
559.00
369.00
855.00
624.00
514.00
582.00
442.00
730.00
470.00
568.00
723.00
537.00
513.00
718.00
421.00
625.00
609.00
872.00
735.00
874.00
844.00
482.00
557.00
553.00
638.00
739.00
601.00
726.00
426.00
571.00
494.00
648.00
652.00
388.00
934.00
686.00
537.00
371.00
473.00
478.00
543.00
520.00
427.00
745.00
497.00
835.00
569.00
800.00
415.00
489.00
809.00
397.00
712.00
348.00
624.00
869.00
522.00
533.00
643.00
492.00
470.00
908.00
488.00
671.00
615.00
461.00
444.00
407.00
680.00
646.00
462.00
469.00
607.00
722.00
619.00
454.00
406.00
578.00
488.00
471.00
647.00
270.00
711.00
579.00
584.00
821.00
467.00
684.00
465.00
911.00
667.00
469.00
758.00
522.00
516.00
433.00
598.00
784.00
783.00
498.00
430.00
612.00
708.00
685.00
672.00
599.00
737.00
664.00
483.00
527.00
525.00
557.00
606.00
525.00
500.00
611.00
518.00
588.00
538.00
464.00
464.00
642.00
865.00
816.00
601.00
460.00
584.00
534.00
515.00
528.00
503.00
459.00
501.00
632.00
460.00
565.00
743.00
485.00
535.00
553.00
793.00
477.00
885.00
787.00
614.00
460.00
568.00
513.00
680.00
689.00
878.00
536.00
606.00
583.00
760.00
519.00
294.00
321.00
708.00
645.00
564.00
818.00
481.00
752.00
741.00
680.00
711.00
803.00
564.00
873.00
711.00
463.00
724.00
775.00
555.00
797.00
607.00
636.00
654.00
605.00
726.00
687.00
412.00
654.00
871.00
776.00
797.00
634.00
412.00
436.00
257.00
385.00
485.00
672.00
610.00
855.00
607.00
686.00
390.00
558.00
571.00
742.00
690.00
615.00
325.00
932.00
655.00
622.00
304.00
773.00
854.00
531.00
884.00
529.00
378.00
573.00
511.00
552.00
507.00
592.00
750.00
600.00
702.00
712.00
494.00
848.00
605.00
497.00
540.00
532.00
475.00
508.00
614.00
721.00
661.00
841.00
388.00
476.00
635.00
696.00
453.00
489.00
726.00
622.00
691.00
912.00
386.00
801.00
582.00
560.00
822.00
591.00
457.00
763.00
561.00
510.00
600.00
798.00
556.00
505.00
437.00
430.00
859.00
525.00
610.00
735.00
801.00
615.00
694.00
759.00
861.00
761.00
448.00
336.00
697.00
609.00
277.00
577.00
783.00
661.00
339.00
549.00
526.00
811.00
370.00
477.00
604.00
704.00
583.00
480.00
794.00
694.00
668.00
689.00
411.00
517.00
378.00
556.00
710.00
877.00
808.00
569.00
717.00
695.00
875.00
471.00
697.00
525.00
541.00
680.00
471.00
524.00
594.00
376.00
470.00
565.00
940.00
523.00
594.00
536.00
401.00
391.00
733.00
822.00
309.00
537.00
589.00
559.00
777.00
588.00
809.00
557.00
631.00
711.00
596.00
570.00
675.00
776.00
536.00
471.00
554.00
496.00
385.00
635.00
621.00
691.00
796.00
491.00
723.00
747.00
623.00
